Jogo número 1: 01 03 06 11 12 14 15 16 18 19 20 22 23 24 25
Jogo número 2: 01 03 04 05 06 07 11 12 14 15 16 17 18 20 21
Jogo número 3: 01 02 04 05 06 07 11 13 15 17 18 20 21 22 25
Jogo número 4: 01 02 03 04 05 07 10 12 13 15 17 18 21 22 24
Jogo número 5: 01 02 03 05 06 10 12 13 15 17 19 20 21 23 24
Jogo número 6: 01 02 03 05 07 08 09 13 14 15 16 17 21 22 23
Jogo número 7: 02 03 04 05 07 08 09 10 12 14 16 19 20 21 24
Jogo número 8: 02 03 04 05 07 08 09 10 11 14 15 16 17 18 24
Jogo número 9: 02 04 07 10 11 12 13 14 17 18 19 20 23 24 25
Jogo número 10: 01 02 03 04 05 06 09 10 16 18 19 20 21 23 25
Jogo número 11: 01 02 04 05 08 09 11 12 14 16 17 18 19 21 22
Jogo número 12: 01 02 04 05 07 08 09 10 12 15 16 18 20 22 25
Jogo número 13: 01 02 03 04 05 06 11 12 13 15 17 18 22 23 24
Jogo número 14: 01 02 06 07 08 09 11 12 13 14 15 18 19 20 23