Jogo número 1: 02 04 05 06 09 10 12 13 15 17 21 22 23 24 25
Jogo número 2: 02 03 04 05 06 08 09 10 12 13 14 18 20 24 25
Jogo número 3: 01 04 05 08 09 10 12 13 15 16 18 19 20 21 23
Jogo número 4: 01 02 03 05 08 09 10 13 16 17 19 21 22 24 25
Jogo número 5: 01 02 03 04 05 07 08 10 11 12 14 20 21 23 25
Jogo número 6: 01 02 05 08 10 11 13 15 16 17 19 20 23 24 25
Jogo número 7: 01 03 07 08 09 11 13 16 17 18 19 20 21 22 23
Jogo número 8: 01 02 03 04 05 07 08 14 15 16 17 18 19 20 24
Jogo número 9: 02 03 04 08 09 10 11 12 14 15 16 18 20 22 23
Jogo número 10: 02 03 04 05 06 07 08 09 11 13 14 16 19 23 24
Jogo número 11: 03 06 07 09 12 14 15 16 17 18 20 21 23 24 25
Jogo número 12: 04 06 08 09 10 12 13 14 15 17 18 20 21 22 24