Jogo número 1: 01 02 03 04 05 08 10 12 13 16 18 19 20 21 23
Jogo número 2: 01 02 03 04 07 08 11 14 15 16 17 18 19 20 24
Jogo número 3: 01 03 04 05 08 11 12 14 15 17 18 19 20 23 24
Jogo número 4: 01 02 04 07 09 10 13 14 15 16 18 20 21 22 24
Jogo número 5: 01 03 06 07 08 09 10 11 16 17 18 20 22 23 25
Jogo número 6: 02 04 07 09 11 12 15 16 17 18 19 20 22 23 25
Jogo número 7: 02 04 06 07 08 10 12 13 14 16 18 19 22 24 25
Jogo número 8: 01 03 04 05 06 09 10 11 14 15 18 19 20 21 22
Jogo número 9: 04 05 06 07 09 10 12 15 16 17 20 21 22 23 24
Jogo número 10: 01 02 03 04 07 09 11 12 16 17 18 21 23 24 25
Jogo número 11: 03 04 06 08 11 13 14 16 17 19 20 21 22 23 25
Jogo número 12: 02 03 04 06 07 08 09 10 11 13 16 17 18 22 25